2, 2, 2, 2, 2, 2, 2, 2, 2, 2, 2, 2, 2, 2, 2, 2, 2, 2, 2, 2, 2,
2, 2, 2, 2, 2, 2, 2, 2, 2, 2, 2, 2, 2, 2, 2, 2, 2, 2, 2, 2, 2,
2, 2, 2, 2, 2, 2, 2, 2, 2, 2, 2, 2, 2, 2, 2, 2, 2, 2, 2, 2, 2,
2, 2, 2, 2, 2, 2, 2, 2, 2, 2, 2, 2, 2, 2, 2, 2, 2, 2, 2, 2, 2,
2, 2, 2, 2, 2, 2, 2, 2, 2, 2, 2, 2, 2, 2, 2, 2, 2, 2, 2, 2, 2,
2, 2, 2, 2, 2, 2, 2, 2, 2, 2, 2, 2, 2, 2, 2, 2, 2, 2, 2, 2, 2,
2, 2, 2, 2, 2, 2, 2, 2, 2, 2, 2, 2, 2, 2, 2, 2, 2, 2)
dropout=c(1, 1, 0, 0, 0, 1, 0, 0, 1, 0, 1, 1, 1, 0, 0, 0, 1, 1, 0, 0,
0, 0, 0, 1, 0, 0, 0, 0, 0, 0, 1, 1, 1, 0, 1, 0, 0, 1, 1, 0, 1,
1, 1, 0, 0, 0, 0, 0, 1, 1, 1, 0, 0, 1, 0, 0, 0, 1, 0, 0, 0, 1,
0, 1, 0, 0, 0, 0, 1, 0, 0, 1, 0, 0, 0, 0, 1, 1, 0, 0, 0, 0, 0,
0, 1, 1, 0, 0, 0, 1, 1, 1, 0, 0, 0, 1, 0, 0, 0, 0, 0, 0, 0, 0,
0, 0, 1, 0, 0, 1, 0, 1, 0, 0, 0, 0, 1, 1, 0, 0, 0, 0, 0, 0, 1,
0, 1, 0, 1, 0, 0, 1, 0, 0, 0, 1, 0, 1, 0, 0, 0, 1, 0, 0, 0, 0,
0, 0, 0, 1, 0, 0, 0, 0, 0, 0, 0, 0, 1, 0, 1, 1, 1, 0, 0, 0, 0,
0, 0, 0, 0, 1, 0, 0, 0, 1, 0, 0, 0, 0, 0, 0, 0, 0, 0, 0, 1, 0,
0, 0, 0, 0, 1, 1, 0, 1, 0, 1, 1, 1, 0, 0, 1, 0, 1, 0, 0, 0, 1,
0, 1, 1, 0, 0, 1, 1, 0, 0, 1, 1, 0, 0, 0, 0, 0, 0, 0, 1, 0, 0,
1, 0, 0, 0, 0, 0, 0, 0, 0, 1, 1, 0, 0, 0, 1, 0, 0, 0, 0, 0, 0,
1, 0, 0, 0, 0, 0, 0, 0, 0, 0, 0, 1, 0, 0, 0, 0, 0, 0, 0, 0, 0,
0, 1, 0, 0, 0, 0, 0, 0, 0, 0, 0, 0, 0, 0, 0, 0, 1, 0, 1, 0, 1,
0, 1, 0, 0, 1, 0, 0, 0, 0, 0, 0, 0, 0, 0, 0, 0, 0, 0, 0, 0, 0,
0, 0, 0, 1, 0, 0, 0, 0, 0, 0, 0, 0, 1, 0, 0, 0, 0, 0, 0, 0, 0,
0, 0, 0, 0, 1, 0, 0, 0, 0, 0, 0, 0, 0, 0, 0, 0, 1, 0, 0, 0, 0,
0, 0, 0, 0, 0, 0, 0, 0, 0, 0, 0, 0, 0, 0, 0, 0, 0, 0, 0, 0, 0,
0, 0, 0, 0, 0, 0, 0, 0, 0, 0, 0, 0, 0, 0, 0, 0, 0, 0, 0, 0, 0,
0, 0, 0, 0, 0, 1, 1, 1, 1, 1, 0, 0, 0, 0, 0, 0, 1, 0, 0, 1, 0,
0, 1, 0, 0, 0, 0, 0, 0, 0, 0, 0, 0, 0, 0, 0, 0, 0, 0, 0, 1, 1,
1, 0, 0, 0, 0, 0, 0, 1, 0, 0, 0, 1, 0, 0, 1, 0, 0, 0, 1, 0, 1,
0, 0, 0, 0, 0, 0, 0, 0, 0, 0, 0, 0, 0, 0, 0, 0, 0, 0, 1, 0, 0,
0, 0, 1, 1, 0, 0, 0, 0, 0, 0, 1, 0, 0, 0, 1, 0, 0, 0)
treat=c(1, 1, 1, 1, 1, 1, 1, 1, 1, 1, 1, 1, 1, 1, 1, 1, 1, 1, 1, 1,
1, 1, 1, 1, 1, 1, 1, 1, 1, 1, 1, 1, 1, 1, 1, 1, 1, 1, 1, 1, 1,
1, 1, 1, 1, 1, 1, 1, 1, 1, 1, 1, 1, 1, 1, 1, 1, 1, 1, 1, 1, 1,
1, 1, 1, 1, 1, 1, 1, 1, 1, 1, 1, 1, 1, 1, 1, 1, 1, 1, 1, 1, 1,
1, 1, 1, 1, 1, 1, 1, 3, 3, 3, 3, 3, 3, 3, 3, 3, 3, 3, 3, 3, 3,
3, 3, 3, 3, 3, 3, 3, 3, 3, 3, 3, 3, 3, 3, 3, 3, 3, 3, 3, 3, 3,
3, 3, 3, 3, 3, 3, 3, 3, 3, 3, 3, 3, 3, 3, 3, 3, 3, 3, 3, 3, 3,
3, 3, 3, 3, 3, 3, 3, 3, 3, 3, 3, 3, 3, 3, 3, 3, 3, 3, 3, 3, 3,
3, 3, 3, 3, 3, 3, 3, 3, 3, 3, 3, 3, 3, 3, 3, 3, 3, 3, 3, 3, 3,
3, 3, 3, 3, 3, 3, 3, 3, 3, 3, 3, 3, 3, 3, 3, 3, 2, 2, 2, 2, 2,
2, 2, 2, 2, 2, 2, 2, 2, 2, 2, 2, 2, 2, 2, 2, 2, 2, 2, 2, 2, 2,
2, 2, 2, 2, 2, 2, 2, 2, 2, 2, 2, 2, 2, 2, 2, 2, 2, 2, 2, 2, 2,
2, 2, 2, 2, 2, 2, 2, 2, 2, 2, 2, 2, 2, 2, 2, 2, 2, 2, 2, 2, 2,
2, 2, 2, 2, 2, 2, 2, 2, 2, 2, 2, 2, 2, 2, 2, 2, 2, 2, 2, 2, 2,
2, 2, 2, 2, 2, 2, 2, 2, 2, 2, 2, 2, 2, 2, 2, 2, 2, 2, 2, 2, 2,
2, 2, 2, 2, 2, 2, 2, 2, 2, 2, 2, 2, 2, 2, 2, 2, 2, 2, 2, 2, 2,
2, 2, 2, 2, 2, 2, 2, 2, 2, 2, 2, 2, 2, 2, 2, 2, 2, 2, 2, 2, 2,
2, 2, 2, 2, 2, 2, 2, 2, 2, 2, 2, 2, 2, 2, 2, 2, 2, 2, 2, 2, 2,
2, 2, 2, 2, 2, 2, 2, 2, 2, 2, 2, 2, 2, 2, 2, 2, 2, 2, 2, 2, 2,
2, 2, 2, 2, 2, 2, 3, 3, 3, 3, 3, 3, 3, 3, 3, 3, 3, 3, 3, 3, 3,
3, 3, 3, 3, 3, 3, 3, 3, 3, 3, 3, 3, 3, 3, 3, 3, 3, 3, 3, 3, 3,
3, 3, 3, 3, 3, 3, 3, 3, 3, 3, 3, 3, 3, 3, 3, 3, 3, 3, 3, 3, 3,
3, 3, 3, 3, 3, 3, 3, 3, 3, 3, 3, 3, 3, 3, 3, 3, 3, 3, 3, 3, 3,
3, 3, 3, 3, 3, 3, 3, 3, 3, 3, 3, 3, 3, 3, 3, 3, 3, 3)
severity0=c(1.125, 1.625, 2.25, 0, 0.375, 1.375, 1.625, 2.375, 0.25, 0.75,
1.25, 1.375, 1.625, 1.875, 0, 0.25, 0.625, 0.375, 0.5, 0.75,
2.5, 0.125, 0.625, 1.375, 1.75, 0.625, 0.75, 1.125, 2.375, 2.5,
0, 0, 0, 0.25, 0.5, 0.625, 1, 1, 0.125, 0.5, 0.5, 0.75, 0.875,
0.875, 1.125, 1.25, 1.25, 0, 0, 0.375, 0.5, 0.5, 0.625, 0.75,
1, 0.375, 0.5, 0.875, 0.875, 0.5, 1.125, 1.125, 1.375, 1.5, -0.125,
0.125, 0.875, 1.375, 1.625, 0.25, 0.375, 0.625, 0.625, 1.375,
1.5, 1.625, 2.125, 0.5, 0.75, 0.875, 1.25, 1.375, 0.125, 0.375,
0.5, 1.125, 1.25, 1.375, 1.375, 0, 0.5, 0.75, 1.125, 1.125, 1.75,
2, 2.125, 0.125, 0.375, 0.75, 0.75, 0.875, 1, 1, 1.25, 1.625,
0, 0.25, 0.375, 0.75, 1, 1.5, 1.5, 0.125, 0.25, 0.375, 0.5, 0.5,
0.625, 1.25, 1.5, 0, 0.125, 0.125, 0.25, 0.75, 0.875, 1.25, 1.5,
0, 0.125, 0.75, 0.75, 1, 1.5, 1.75, 2.25, 0, 0.125, 0.25, 0.25,
0.375, 0.75, 1, 1.25, 1.625, 0.875, 1.125, 1.5, 0, 0, 0.375,
0.875, 1, 1.625, 0.125, 0.625, 1.125, 1.25, 1.375, 1.5, 1.5,
1.625, 0.25, 0.875, 1, 1.375, 1.375, 0, 0.5, 0.5, 0, 0, 0.25,
0.375, 0.375, 0.375, 0.75, 0.875, 1.5, 1.625, 0.25, 0, 0.375,
0.375, 1.25, 1.5, 1.375, 2.875, 0.625, 1, 1.125, 0.125, 0.875,
1.375, 0.375, 1, 0.25, 0.5, 0.875, 1.375, 1.125, 1.875, 0.125,
0, -0.375, -0.875, -0.125, 0, 0, 1.875, -1.375, 0.75, -1.625,
0.5, 1, -1.375, -1.5, -0.375, -0.5, 2, -1.75, -0.5, -0.625, 0.75,
0.625, -0.625, 0.5, -1.5, 0.625, -1.25, -1.25, -0.625, 1, -1.875,
-1.375, -0.625, 0.625, -0.125, 0.125, -0.75, -0.375, 0.375, 0.875,
2, 0.125, 1.25, -1.375, 0.125, -1.25, -0.375, 1.375, 1, 1.25,
0.75, -1.25, -0.5, 1.25, 0.875, 0.125, 0.25, -1.875, 1.375, 0,
-0.875, 0, -0.75, 0.625, 1.5, -1.25, -1, -0.375, 0.875, 0, 0,
-0.375, 0.5, 0.375, 0.375, -1.375, -0.875, 0.75, 0.875, -1.75,
0.5, 0.25, -0.5, -0.125, 0.875, -0.25, 2, -1.25, 0.125, 0.125,
0.625, -1.5, 0.5, 2.375, 1.625, -0.75, -1.375, -1, 0.125, 0.375,
0, -1.75, 2.125, -0.875, 0.5, -2, 0.75, 1, 0.25, 0.375, 1.5,
-0.125, 0.875, 2.25, -0.375, 0.125, 0.5, 0.625, -1.25, 0.625,
-1.125, -0.125, 0.125, 0.875, -1.375, 1.625, -1.875, 0.875, -1,
0, 0, 0.25, 0, 0.25, -1.875, 0.5, -1.5, -1, -0.625, 0.625, 0.125,
-0.5, -1.25, 0.25, 2, 1.75, -0.375, 0, -1.375, 1.125, -1.75,
0.75, 1.75, 0.75, -1.25, 0.625, -1.5, 0.75, 0.625, 0.75, -2.25,
0.625, -0.125, -1.5, -1.25, 1.25, 0.125, 1.375, -0.125, -0.25,
0.625, -1.375, 0.125, 1.125, -0.125, 0.625, 1.25, 0.25, 0.875,
0.375, -1.75, 0.625, -0.625, 1.5, 1, 0.25, -2, -1.5, 0, -1.375,
0.375, -0.875, -2.375, 0.375, -0.625, 1, -0.625, -1.375, 0, 0.625,
-0.75, 0.375, 0.625, 0.25, 0, -0.625, -0.75, -1, -0.5, -1.625,
-0.75, 1.125, 0.875, -0.75, -1.25, -0.75, -1.625, 0.5, 0.625,
-1.375, -0.375, 0.375, -1.125, 1.125, 0.5, -1, 1.125, -1.875,
-0.75, -0.125, -0.125, -1.25, -1.625, 0.25, -1.125, -1, 0.5,
0.625, -1.25, 2.5, -1.875, 0.875, 1.875, 0.375, 0.75, -0.375,
-0.25, 1.875, 1, -1.25, -0.25, -1.125, 1.625, 0, 1.25, -0.25,
0.25, 1, -0.625, 1.125, -0.375, -1.625, -0.625, -0.25, 0.875,
1, -1.25, 0.375, -0.375, -0.5, -1, -1, 0.25, 0.875, -1.25, 1,
-1, -1.625, 0.125, -2.125, -1.5, 1.5, -1.25, 0.875, -0.25, 0,
-1.25, -0.875, 0, 0.5, 0.125, -0.5, -0.75, -0.25, -1.25, -1.25)
data_jags <- list(Nstudies = 2, Np = 500, studyid = studyid, dropout = dropout, treat = treat, severity0 = severity0)
url <- "https://raw.githubusercontent.com/MikeJSeo/jags/master/code/IPD_NMA.txt"
data <- getURL(url)
samples <- coda.samples(model, variable.names = c("AA1","d","g"), n.iter = 10000)
library(RCurl)
library(rjags)
studyid =
c(1, 1, 1, 1, 1, 1, 1, 1, 1, 1, 1, 1, 1, 1, 1, 1, 1, 1, 1, 1,
1, 1, 1, 1, 1, 1, 1, 1, 1, 1, 1, 1, 1, 1, 1, 1, 1, 1, 1, 1, 1,
1, 1, 1, 1, 1, 1, 1, 1, 1, 1, 1, 1, 1, 1, 1, 1, 1, 1, 1, 1, 1,
1, 1, 1, 1, 1, 1, 1, 1, 1, 1, 1, 1, 1, 1, 1, 1, 1, 1, 1, 1, 1,
1, 1, 1, 1, 1, 1, 1, 1, 1, 1, 1, 1, 1, 1, 1, 1, 1, 1, 1, 1, 1,
1, 1, 1, 1, 1, 1, 1, 1, 1, 1, 1, 1, 1, 1, 1, 1, 1, 1, 1, 1, 1,
1, 1, 1, 1, 1, 1, 1, 1, 1, 1, 1, 1, 1, 1, 1, 1, 1, 1, 1, 1, 1,
1, 1, 1, 1, 1, 1, 1, 1, 1, 1, 1, 1, 1, 1, 1, 1, 1, 1, 1, 1, 1,
1, 1, 1, 1, 1, 1, 1, 1, 1, 1, 1, 1, 1, 1, 1, 1, 1, 1, 1, 1, 1,
1, 1, 1, 1, 1, 1, 1, 1, 1, 1, 1, 1, 1, 1, 1, 1, 2, 2, 2, 2, 2,
2, 2, 2, 2, 2, 2, 2, 2, 2, 2, 2, 2, 2, 2, 2, 2, 2, 2, 2, 2, 2,
2, 2, 2, 2, 2, 2, 2, 2, 2, 2, 2, 2, 2, 2, 2, 2, 2, 2, 2, 2, 2,
2, 2, 2, 2, 2, 2, 2, 2, 2, 2, 2, 2, 2, 2, 2, 2, 2, 2, 2, 2, 2,
2, 2, 2, 2, 2, 2, 2, 2, 2, 2, 2, 2, 2, 2, 2, 2, 2, 2, 2, 2, 2,
2, 2, 2, 2, 2, 2, 2, 2, 2, 2, 2, 2, 2, 2, 2, 2, 2, 2, 2, 2, 2,
2, 2, 2, 2, 2, 2, 2, 2, 2, 2, 2, 2, 2, 2, 2, 2, 2, 2, 2, 2, 2,
2, 2, 2, 2, 2, 2, 2, 2, 2, 2, 2, 2, 2, 2, 2, 2, 2, 2, 2, 2, 2,
2, 2, 2, 2, 2, 2, 2, 2, 2, 2, 2, 2, 2, 2, 2, 2, 2, 2, 2, 2, 2,
2, 2, 2, 2, 2, 2, 2, 2, 2, 2, 2, 2, 2, 2, 2, 2, 2, 2, 2, 2, 2,
2, 2, 2, 2, 2, 2, 2, 2, 2, 2, 2, 2, 2, 2, 2, 2, 2, 2, 2, 2, 2,
2, 2, 2, 2, 2, 2, 2, 2, 2, 2, 2, 2, 2, 2, 2, 2, 2, 2, 2, 2, 2,
2, 2, 2, 2, 2, 2, 2, 2, 2, 2, 2, 2, 2, 2, 2, 2, 2, 2, 2, 2, 2,
2, 2, 2, 2, 2, 2, 2, 2, 2, 2, 2, 2, 2, 2, 2, 2, 2, 2, 2, 2, 2,
2, 2, 2, 2, 2, 2, 2, 2, 2, 2, 2, 2, 2, 2, 2, 2, 2, 2)
dropout=c(1, 1, 0, 0, 0, 1, 0, 0, 1, 0, 1, 1, 1, 0, 0, 0, 1, 1, 0, 0,
0, 0, 0, 1, 0, 0, 0, 0, 0, 0, 1, 1, 1, 0, 1, 0, 0, 1, 1, 0, 1,
1, 1, 0, 0, 0, 0, 0, 1, 1, 1, 0, 0, 1, 0, 0, 0, 1, 0, 0, 0, 1,
0, 1, 0, 0, 0, 0, 1, 0, 0, 1, 0, 0, 0, 0, 1, 1, 0, 0, 0, 0, 0,
0, 1, 1, 0, 0, 0, 1, 1, 1, 0, 0, 0, 1, 0, 0, 0, 0, 0, 0, 0, 0,
0, 0, 1, 0, 0, 1, 0, 1, 0, 0, 0, 0, 1, 1, 0, 0, 0, 0, 0, 0, 1,
0, 1, 0, 1, 0, 0, 1, 0, 0, 0, 1, 0, 1, 0, 0, 0, 1, 0, 0, 0, 0,
0, 0, 0, 1, 0, 0, 0, 0, 0, 0, 0, 0, 1, 0, 1, 1, 1, 0, 0, 0, 0,
0, 0, 0, 0, 1, 0, 0, 0, 1, 0, 0, 0, 0, 0, 0, 0, 0, 0, 0, 1, 0,
0, 0, 0, 0, 1, 1, 0, 1, 0, 1, 1, 1, 0, 0, 1, 0, 1, 0, 0, 0, 1,
0, 1, 1, 0, 0, 1, 1, 0, 0, 1, 1, 0, 0, 0, 0, 0, 0, 0, 1, 0, 0,
1, 0, 0, 0, 0, 0, 0, 0, 0, 1, 1, 0, 0, 0, 1, 0, 0, 0, 0, 0, 0,
1, 0, 0, 0, 0, 0, 0, 0, 0, 0, 0, 1, 0, 0, 0, 0, 0, 0, 0, 0, 0,
0, 1, 0, 0, 0, 0, 0, 0, 0, 0, 0, 0, 0, 0, 0, 0, 1, 0, 1, 0, 1,
0, 1, 0, 0, 1, 0, 0, 0, 0, 0, 0, 0, 0, 0, 0, 0, 0, 0, 0, 0, 0,
0, 0, 0, 1, 0, 0, 0, 0, 0, 0, 0, 0, 1, 0, 0, 0, 0, 0, 0, 0, 0,
0, 0, 0, 0, 1, 0, 0, 0, 0, 0, 0, 0, 0, 0, 0, 0, 1, 0, 0, 0, 0,
0, 0, 0, 0, 0, 0, 0, 0, 0, 0, 0, 0, 0, 0, 0, 0, 0, 0, 0, 0, 0,
0, 0, 0, 0, 0, 0, 0, 0, 0, 0, 0, 0, 0, 0, 0, 0, 0, 0, 0, 0, 0,
0, 0, 0, 0, 0, 1, 1, 1, 1, 1, 0, 0, 0, 0, 0, 0, 1, 0, 0, 1, 0,
0, 1, 0, 0, 0, 0, 0, 0, 0, 0, 0, 0, 0, 0, 0, 0, 0, 0, 0, 1, 1,
1, 0, 0, 0, 0, 0, 0, 1, 0, 0, 0, 1, 0, 0, 1, 0, 0, 0, 1, 0, 1,
0, 0, 0, 0, 0, 0, 0, 0, 0, 0, 0, 0, 0, 0, 0, 0, 0, 0, 1, 0, 0,
0, 0, 1, 1, 0, 0, 0, 0, 0, 0, 1, 0, 0, 0, 1, 0, 0, 0)
treat=c(1, 1, 1, 1, 1, 1, 1, 1, 1, 1, 1, 1, 1, 1, 1, 1, 1, 1, 1, 1,
1, 1, 1, 1, 1, 1, 1, 1, 1, 1, 1, 1, 1, 1, 1, 1, 1, 1, 1, 1, 1,
1, 1, 1, 1, 1, 1, 1, 1, 1, 1, 1, 1, 1, 1, 1, 1, 1, 1, 1, 1, 1,
1, 1, 1, 1, 1, 1, 1, 1, 1, 1, 1, 1, 1, 1, 1, 1, 1, 1, 1, 1, 1,
1, 1, 1, 1, 1, 1, 1, 3, 3, 3, 3, 3, 3, 3, 3, 3, 3, 3, 3, 3, 3,
3, 3, 3, 3, 3, 3, 3, 3, 3, 3, 3, 3, 3, 3, 3, 3, 3, 3, 3, 3, 3,
3, 3, 3, 3, 3, 3, 3, 3, 3, 3, 3, 3, 3, 3, 3, 3, 3, 3, 3, 3, 3,
3, 3, 3, 3, 3, 3, 3, 3, 3, 3, 3, 3, 3, 3, 3, 3, 3, 3, 3, 3, 3,
3, 3, 3, 3, 3, 3, 3, 3, 3, 3, 3, 3, 3, 3, 3, 3, 3, 3, 3, 3, 3,
3, 3, 3, 3, 3, 3, 3, 3, 3, 3, 3, 3, 3, 3, 3, 3, 2, 2, 2, 2, 2,
2, 2, 2, 2, 2, 2, 2, 2, 2, 2, 2, 2, 2, 2, 2, 2, 2, 2, 2, 2, 2,
2, 2, 2, 2, 2, 2, 2, 2, 2, 2, 2, 2, 2, 2, 2, 2, 2, 2, 2, 2, 2,
2, 2, 2, 2, 2, 2, 2, 2, 2, 2, 2, 2, 2, 2, 2, 2, 2, 2, 2, 2, 2,
2, 2, 2, 2, 2, 2, 2, 2, 2, 2, 2, 2, 2, 2, 2, 2, 2, 2, 2, 2, 2,
2, 2, 2, 2, 2, 2, 2, 2, 2, 2, 2, 2, 2, 2, 2, 2, 2, 2, 2, 2, 2,
2, 2, 2, 2, 2, 2, 2, 2, 2, 2, 2, 2, 2, 2, 2, 2, 2, 2, 2, 2, 2,
2, 2, 2, 2, 2, 2, 2, 2, 2, 2, 2, 2, 2, 2, 2, 2, 2, 2, 2, 2, 2,
2, 2, 2, 2, 2, 2, 2, 2, 2, 2, 2, 2, 2, 2, 2, 2, 2, 2, 2, 2, 2,
2, 2, 2, 2, 2, 2, 2, 2, 2, 2, 2, 2, 2, 2, 2, 2, 2, 2, 2, 2, 2,
2, 2, 2, 2, 2, 2, 3, 3, 3, 3, 3, 3, 3, 3, 3, 3, 3, 3, 3, 3, 3,
3, 3, 3, 3, 3, 3, 3, 3, 3, 3, 3, 3, 3, 3, 3, 3, 3, 3, 3, 3, 3,
3, 3, 3, 3, 3, 3, 3, 3, 3, 3, 3, 3, 3, 3, 3, 3, 3, 3, 3, 3, 3,
3, 3, 3, 3, 3, 3, 3, 3, 3, 3, 3, 3, 3, 3, 3, 3, 3, 3, 3, 3, 3,
3, 3, 3, 3, 3, 3, 3, 3, 3, 3, 3, 3, 3, 3, 3, 3, 3, 3)
severity0=c(1.125, 1.625, 2.25, 0, 0.375, 1.375, 1.625, 2.375, 0.25, 0.75,
1.25, 1.375, 1.625, 1.875, 0, 0.25, 0.625, 0.375, 0.5, 0.75,
2.5, 0.125, 0.625, 1.375, 1.75, 0.625, 0.75, 1.125, 2.375, 2.5,
0, 0, 0, 0.25, 0.5, 0.625, 1, 1, 0.125, 0.5, 0.5, 0.75, 0.875,
0.875, 1.125, 1.25, 1.25, 0, 0, 0.375, 0.5, 0.5, 0.625, 0.75,
1, 0.375, 0.5, 0.875, 0.875, 0.5, 1.125, 1.125, 1.375, 1.5, -0.125,
0.125, 0.875, 1.375, 1.625, 0.25, 0.375, 0.625, 0.625, 1.375,
1.5, 1.625, 2.125, 0.5, 0.75, 0.875, 1.25, 1.375, 0.125, 0.375,
0.5, 1.125, 1.25, 1.375, 1.375, 0, 0.5, 0.75, 1.125, 1.125, 1.75,
2, 2.125, 0.125, 0.375, 0.75, 0.75, 0.875, 1, 1, 1.25, 1.625,
0, 0.25, 0.375, 0.75, 1, 1.5, 1.5, 0.125, 0.25, 0.375, 0.5, 0.5,
0.625, 1.25, 1.5, 0, 0.125, 0.125, 0.25, 0.75, 0.875, 1.25, 1.5,
0, 0.125, 0.75, 0.75, 1, 1.5, 1.75, 2.25, 0, 0.125, 0.25, 0.25,
0.375, 0.75, 1, 1.25, 1.625, 0.875, 1.125, 1.5, 0, 0, 0.375,
0.875, 1, 1.625, 0.125, 0.625, 1.125, 1.25, 1.375, 1.5, 1.5,
1.625, 0.25, 0.875, 1, 1.375, 1.375, 0, 0.5, 0.5, 0, 0, 0.25,
0.375, 0.375, 0.375, 0.75, 0.875, 1.5, 1.625, 0.25, 0, 0.375,
0.375, 1.25, 1.5, 1.375, 2.875, 0.625, 1, 1.125, 0.125, 0.875,
1.375, 0.375, 1, 0.25, 0.5, 0.875, 1.375, 1.125, 1.875, 0.125,
0, -0.375, -0.875, -0.125, 0, 0, 1.875, -1.375, 0.75, -1.625,
0.5, 1, -1.375, -1.5, -0.375, -0.5, 2, -1.75, -0.5, -0.625, 0.75,
0.625, -0.625, 0.5, -1.5, 0.625, -1.25, -1.25, -0.625, 1, -1.875,
-1.375, -0.625, 0.625, -0.125, 0.125, -0.75, -0.375, 0.375, 0.875,
2, 0.125, 1.25, -1.375, 0.125, -1.25, -0.375, 1.375, 1, 1.25,
0.75, -1.25, -0.5, 1.25, 0.875, 0.125, 0.25, -1.875, 1.375, 0,
-0.875, 0, -0.75, 0.625, 1.5, -1.25, -1, -0.375, 0.875, 0, 0,
-0.375, 0.5, 0.375, 0.375, -1.375, -0.875, 0.75, 0.875, -1.75,
0.5, 0.25, -0.5, -0.125, 0.875, -0.25, 2, -1.25, 0.125, 0.125,
0.625, -1.5, 0.5, 2.375, 1.625, -0.75, -1.375, -1, 0.125, 0.375,
0, -1.75, 2.125, -0.875, 0.5, -2, 0.75, 1, 0.25, 0.375, 1.5,
-0.125, 0.875, 2.25, -0.375, 0.125, 0.5, 0.625, -1.25, 0.625,
-1.125, -0.125, 0.125, 0.875, -1.375, 1.625, -1.875, 0.875, -1,
0, 0, 0.25, 0, 0.25, -1.875, 0.5, -1.5, -1, -0.625, 0.625, 0.125,
-0.5, -1.25, 0.25, 2, 1.75, -0.375, 0, -1.375, 1.125, -1.75,
0.75, 1.75, 0.75, -1.25, 0.625, -1.5, 0.75, 0.625, 0.75, -2.25,
0.625, -0.125, -1.5, -1.25, 1.25, 0.125, 1.375, -0.125, -0.25,
0.625, -1.375, 0.125, 1.125, -0.125, 0.625, 1.25, 0.25, 0.875,
0.375, -1.75, 0.625, -0.625, 1.5, 1, 0.25, -2, -1.5, 0, -1.375,
0.375, -0.875, -2.375, 0.375, -0.625, 1, -0.625, -1.375, 0, 0.625,
-0.75, 0.375, 0.625, 0.25, 0, -0.625, -0.75, -1, -0.5, -1.625,
-0.75, 1.125, 0.875, -0.75, -1.25, -0.75, -1.625, 0.5, 0.625,
-1.375, -0.375, 0.375, -1.125, 1.125, 0.5, -1, 1.125, -1.875,
-0.75, -0.125, -0.125, -1.25, -1.625, 0.25, -1.125, -1, 0.5,
0.625, -1.25, 2.5, -1.875, 0.875, 1.875, 0.375, 0.75, -0.375,
-0.25, 1.875, 1, -1.25, -0.25, -1.125, 1.625, 0, 1.25, -0.25,
0.25, 1, -0.625, 1.125, -0.375, -1.625, -0.625, -0.25, 0.875,
1, -1.25, 0.375, -0.375, -0.5, -1, -1, 0.25, 0.875, -1.25, 1,
-1, -1.625, 0.125, -2.125, -1.5, 1.5, -1.25, 0.875, -0.25, 0,
-1.25, -0.875, 0, 0.5, 0.125, -0.5, -0.75, -0.25, -1.25, -1.25)
data_jags <- list(Nstudies = 2, Np = 500, studyid = studyid, dropout = dropout, treat = treat, severity0 = severity0)
url <- "https://raw.githubusercontent.com/MikeJSeo/jags/master/code/IPD_NMA.txt"
data <- getURL(url)
model <- jags.model(textConnection(data), data = data_jags)
samples <- coda.samples(model, variable.names = c("AA1","d","g"), n.iter = 10000)
summary(samples)
library(RCurl)
library(rjags)
studyid =
c(1, 1, 1, 1, 1, 1, 1, 1, 1, 1, 1, 1, 1, 1, 1, 1, 1, 1, 1, 1,
1, 1, 1, 1, 1, 1, 1, 1, 1, 1, 1, 1, 1, 1, 1, 1, 1, 1, 1, 1, 1,
1, 1, 1, 1, 1, 1, 1, 1, 1, 1, 1, 1, 1, 1, 1, 1, 1, 1, 1, 1, 1,
1, 1, 1, 1, 1, 1, 1, 1, 1, 1, 1, 1, 1, 1, 1, 1, 1, 1, 1, 1, 1,
1, 1, 1, 1, 1, 1, 1, 1, 1, 1, 1, 1, 1, 1, 1, 1, 1, 1, 1, 1, 1,
1, 1, 1, 1, 1, 1, 1, 1, 1, 1, 1, 1, 1, 1, 1, 1, 1, 1, 1, 1, 1,
1, 1, 1, 1, 1, 1, 1, 1, 1, 1, 1, 1, 1, 1, 1, 1, 1, 1, 1, 1, 1,
1, 1, 1, 1, 1, 1, 1, 1, 1, 1, 1, 1, 1, 1, 1, 1, 1, 1, 1, 1, 1,
1, 1, 1, 1, 1, 1, 1, 1, 1, 1, 1, 1, 1, 1, 1, 1, 1, 1, 1, 1, 1,
1, 1, 1, 1, 1, 1, 1, 1, 1, 1, 1, 1, 1, 1, 1, 1, 2, 2, 2, 2, 2,
2, 2, 2, 2, 2, 2, 2, 2, 2, 2, 2, 2, 2, 2, 2, 2, 2, 2, 2, 2, 2,
2, 2, 2, 2, 2, 2, 2, 2, 2, 2, 2, 2, 2, 2, 2, 2, 2, 2, 2, 2, 2,
2, 2, 2, 2, 2, 2, 2, 2, 2, 2, 2, 2, 2, 2, 2, 2, 2, 2, 2, 2, 2,
2, 2, 2, 2, 2, 2, 2, 2, 2, 2, 2, 2, 2, 2, 2, 2, 2, 2, 2, 2, 2,
2, 2, 2, 2, 2, 2, 2, 2, 2, 2, 2, 2, 2, 2, 2, 2, 2, 2, 2, 2, 2,
2, 2, 2, 2, 2, 2, 2, 2, 2, 2, 2, 2, 2, 2, 2, 2, 2, 2, 2, 2, 2,
2, 2, 2, 2, 2, 2, 2, 2, 2, 2, 2, 2, 2, 2, 2, 2, 2, 2, 2, 2, 2,
2, 2, 2, 2, 2, 2, 2, 2, 2, 2, 2, 2, 2, 2, 2, 2, 2, 2, 2, 2, 2,
2, 2, 2, 2, 2, 2, 2, 2, 2, 2, 2, 2, 2, 2, 2, 2, 2, 2, 2, 2, 2,
2, 2, 2, 2, 2, 2, 2, 2, 2, 2, 2, 2, 2, 2, 2, 2, 2, 2, 2, 2, 2,
2, 2, 2, 2, 2, 2, 2, 2, 2, 2, 2, 2, 2, 2, 2, 2, 2, 2, 2, 2, 2,
2, 2, 2, 2, 2, 2, 2, 2, 2, 2, 2, 2, 2, 2, 2, 2, 2, 2, 2, 2, 2,
2, 2, 2, 2, 2, 2, 2, 2, 2, 2, 2, 2, 2, 2, 2, 2, 2, 2, 2, 2, 2,
2, 2, 2, 2, 2, 2, 2, 2, 2, 2, 2, 2, 2, 2, 2, 2, 2, 2)
dropout=c(1, 1, 0, 0, 0, 1, 0, 0, 1, 0, 1, 1, 1, 0, 0, 0, 1, 1, 0, 0,
0, 0, 0, 1, 0, 0, 0, 0, 0, 0, 1, 1, 1, 0, 1, 0, 0, 1, 1, 0, 1,
1, 1, 0, 0, 0, 0, 0, 1, 1, 1, 0, 0, 1, 0, 0, 0, 1, 0, 0, 0, 1,
0, 1, 0, 0, 0, 0, 1, 0, 0, 1, 0, 0, 0, 0, 1, 1, 0, 0, 0, 0, 0,
0, 1, 1, 0, 0, 0, 1, 1, 1, 0, 0, 0, 1, 0, 0, 0, 0, 0, 0, 0, 0,
0, 0, 1, 0, 0, 1, 0, 1, 0, 0, 0, 0, 1, 1, 0, 0, 0, 0, 0, 0, 1,
0, 1, 0, 1, 0, 0, 1, 0, 0, 0, 1, 0, 1, 0, 0, 0, 1, 0, 0, 0, 0,
0, 0, 0, 1, 0, 0, 0, 0, 0, 0, 0, 0, 1, 0, 1, 1, 1, 0, 0, 0, 0,
0, 0, 0, 0, 1, 0, 0, 0, 1, 0, 0, 0, 0, 0, 0, 0, 0, 0, 0, 1, 0,
0, 0, 0, 0, 1, 1, 0, 1, 0, 1, 1, 1, 0, 0, 1, 0, 1, 0, 0, 0, 1,
0, 1, 1, 0, 0, 1, 1, 0, 0, 1, 1, 0, 0, 0, 0, 0, 0, 0, 1, 0, 0,
1, 0, 0, 0, 0, 0, 0, 0, 0, 1, 1, 0, 0, 0, 1, 0, 0, 0, 0, 0, 0,
1, 0, 0, 0, 0, 0, 0, 0, 0, 0, 0, 1, 0, 0, 0, 0, 0, 0, 0, 0, 0,
0, 1, 0, 0, 0, 0, 0, 0, 0, 0, 0, 0, 0, 0, 0, 0, 1, 0, 1, 0, 1,
0, 1, 0, 0, 1, 0, 0, 0, 0, 0, 0, 0, 0, 0, 0, 0, 0, 0, 0, 0, 0,
0, 0, 0, 1, 0, 0, 0, 0, 0, 0, 0, 0, 1, 0, 0, 0, 0, 0, 0, 0, 0,
0, 0, 0, 0, 1, 0, 0, 0, 0, 0, 0, 0, 0, 0, 0, 0, 1, 0, 0, 0, 0,
0, 0, 0, 0, 0, 0, 0, 0, 0, 0, 0, 0, 0, 0, 0, 0, 0, 0, 0, 0, 0,
0, 0, 0, 0, 0, 0, 0, 0, 0, 0, 0, 0, 0, 0, 0, 0, 0, 0, 0, 0, 0,
0, 0, 0, 0, 0, 1, 1, 1, 1, 1, 0, 0, 0, 0, 0, 0, 1, 0, 0, 1, 0,
0, 1, 0, 0, 0, 0, 0, 0, 0, 0, 0, 0, 0, 0, 0, 0, 0, 0, 0, 1, 1,
1, 0, 0, 0, 0, 0, 0, 1, 0, 0, 0, 1, 0, 0, 1, 0, 0, 0, 1, 0, 1,
0, 0, 0, 0, 0, 0, 0, 0, 0, 0, 0, 0, 0, 0, 0, 0, 0, 0, 1, 0, 0,
0, 0, 1, 1, 0, 0, 0, 0, 0, 0, 1, 0, 0, 0, 1, 0, 0, 0)
treat=c(1, 1, 1, 1, 1, 1, 1, 1, 1, 1, 1, 1, 1, 1, 1, 1, 1, 1, 1, 1,
1, 1, 1, 1, 1, 1, 1, 1, 1, 1, 1, 1, 1, 1, 1, 1, 1, 1, 1, 1, 1,
1, 1, 1, 1, 1, 1, 1, 1, 1, 1, 1, 1, 1, 1, 1, 1, 1, 1, 1, 1, 1,
1, 1, 1, 1, 1, 1, 1, 1, 1, 1, 1, 1, 1, 1, 1, 1, 1, 1, 1, 1, 1,
1, 1, 1, 1, 1, 1, 1, 3, 3, 3, 3, 3, 3, 3, 3, 3, 3, 3, 3, 3, 3,
3, 3, 3, 3, 3, 3, 3, 3, 3, 3, 3, 3, 3, 3, 3, 3, 3, 3, 3, 3, 3,
3, 3, 3, 3, 3, 3, 3, 3, 3, 3, 3, 3, 3, 3, 3, 3, 3, 3, 3, 3, 3,
3, 3, 3, 3, 3, 3, 3, 3, 3, 3, 3, 3, 3, 3, 3, 3, 3, 3, 3, 3, 3,
3, 3, 3, 3, 3, 3, 3, 3, 3, 3, 3, 3, 3, 3, 3, 3, 3, 3, 3, 3, 3,
3, 3, 3, 3, 3, 3, 3, 3, 3, 3, 3, 3, 3, 3, 3, 3, 2, 2, 2, 2, 2,
2, 2, 2, 2, 2, 2, 2, 2, 2, 2, 2, 2, 2, 2, 2, 2, 2, 2, 2, 2, 2,
2, 2, 2, 2, 2, 2, 2, 2, 2, 2, 2, 2, 2, 2, 2, 2, 2, 2, 2, 2, 2,
2, 2, 2, 2, 2, 2, 2, 2, 2, 2, 2, 2, 2, 2, 2, 2, 2, 2, 2, 2, 2,
2, 2, 2, 2, 2, 2, 2, 2, 2, 2, 2, 2, 2, 2, 2, 2, 2, 2, 2, 2, 2,
2, 2, 2, 2, 2, 2, 2, 2, 2, 2, 2, 2, 2, 2, 2, 2, 2, 2, 2, 2, 2,
2, 2, 2, 2, 2, 2, 2, 2, 2, 2, 2, 2, 2, 2, 2, 2, 2, 2, 2, 2, 2,
2, 2, 2, 2, 2, 2, 2, 2, 2, 2, 2, 2, 2, 2, 2, 2, 2, 2, 2, 2, 2,
2, 2, 2, 2, 2, 2, 2, 2, 2, 2, 2, 2, 2, 2, 2, 2, 2, 2, 2, 2, 2,
2, 2, 2, 2, 2, 2, 2, 2, 2, 2, 2, 2, 2, 2, 2, 2, 2, 2, 2, 2, 2,
2, 2, 2, 2, 2, 2, 3, 3, 3, 3, 3, 3, 3, 3, 3, 3, 3, 3, 3, 3, 3,
3, 3, 3, 3, 3, 3, 3, 3, 3, 3, 3, 3, 3, 3, 3, 3, 3, 3, 3, 3, 3,
3, 3, 3, 3, 3, 3, 3, 3, 3, 3, 3, 3, 3, 3, 3, 3, 3, 3, 3, 3, 3,
3, 3, 3, 3, 3, 3, 3, 3, 3, 3, 3, 3, 3, 3, 3, 3, 3, 3, 3, 3, 3,
3, 3, 3, 3, 3, 3, 3, 3, 3, 3, 3, 3, 3, 3, 3, 3, 3, 3)
severity0=c(1.125, 1.625, 2.25, 0, 0.375, 1.375, 1.625, 2.375, 0.25, 0.75,
1.25, 1.375, 1.625, 1.875, 0, 0.25, 0.625, 0.375, 0.5, 0.75,
2.5, 0.125, 0.625, 1.375, 1.75, 0.625, 0.75, 1.125, 2.375, 2.5,
0, 0, 0, 0.25, 0.5, 0.625, 1, 1, 0.125, 0.5, 0.5, 0.75, 0.875,
0.875, 1.125, 1.25, 1.25, 0, 0, 0.375, 0.5, 0.5, 0.625, 0.75,
1, 0.375, 0.5, 0.875, 0.875, 0.5, 1.125, 1.125, 1.375, 1.5, -0.125,
0.125, 0.875, 1.375, 1.625, 0.25, 0.375, 0.625, 0.625, 1.375,
1.5, 1.625, 2.125, 0.5, 0.75, 0.875, 1.25, 1.375, 0.125, 0.375,
0.5, 1.125, 1.25, 1.375, 1.375, 0, 0.5, 0.75, 1.125, 1.125, 1.75,
2, 2.125, 0.125, 0.375, 0.75, 0.75, 0.875, 1, 1, 1.25, 1.625,
0, 0.25, 0.375, 0.75, 1, 1.5, 1.5, 0.125, 0.25, 0.375, 0.5, 0.5,
0.625, 1.25, 1.5, 0, 0.125, 0.125, 0.25, 0.75, 0.875, 1.25, 1.5,
0, 0.125, 0.75, 0.75, 1, 1.5, 1.75, 2.25, 0, 0.125, 0.25, 0.25,
0.375, 0.75, 1, 1.25, 1.625, 0.875, 1.125, 1.5, 0, 0, 0.375,
0.875, 1, 1.625, 0.125, 0.625, 1.125, 1.25, 1.375, 1.5, 1.5,
1.625, 0.25, 0.875, 1, 1.375, 1.375, 0, 0.5, 0.5, 0, 0, 0.25,
0.375, 0.375, 0.375, 0.75, 0.875, 1.5, 1.625, 0.25, 0, 0.375,
0.375, 1.25, 1.5, 1.375, 2.875, 0.625, 1, 1.125, 0.125, 0.875,
1.375, 0.375, 1, 0.25, 0.5, 0.875, 1.375, 1.125, 1.875, 0.125,
0, -0.375, -0.875, -0.125, 0, 0, 1.875, -1.375, 0.75, -1.625,
0.5, 1, -1.375, -1.5, -0.375, -0.5, 2, -1.75, -0.5, -0.625, 0.75,
0.625, -0.625, 0.5, -1.5, 0.625, -1.25, -1.25, -0.625, 1, -1.875,
-1.375, -0.625, 0.625, -0.125, 0.125, -0.75, -0.375, 0.375, 0.875,
2, 0.125, 1.25, -1.375, 0.125, -1.25, -0.375, 1.375, 1, 1.25,
0.75, -1.25, -0.5, 1.25, 0.875, 0.125, 0.25, -1.875, 1.375, 0,
-0.875, 0, -0.75, 0.625, 1.5, -1.25, -1, -0.375, 0.875, 0, 0,
-0.375, 0.5, 0.375, 0.375, -1.375, -0.875, 0.75, 0.875, -1.75,
0.5, 0.25, -0.5, -0.125, 0.875, -0.25, 2, -1.25, 0.125, 0.125,
0.625, -1.5, 0.5, 2.375, 1.625, -0.75, -1.375, -1, 0.125, 0.375,
0, -1.75, 2.125, -0.875, 0.5, -2, 0.75, 1, 0.25, 0.375, 1.5,
-0.125, 0.875, 2.25, -0.375, 0.125, 0.5, 0.625, -1.25, 0.625,
-1.125, -0.125, 0.125, 0.875, -1.375, 1.625, -1.875, 0.875, -1,
0, 0, 0.25, 0, 0.25, -1.875, 0.5, -1.5, -1, -0.625, 0.625, 0.125,
-0.5, -1.25, 0.25, 2, 1.75, -0.375, 0, -1.375, 1.125, -1.75,
0.75, 1.75, 0.75, -1.25, 0.625, -1.5, 0.75, 0.625, 0.75, -2.25,
0.625, -0.125, -1.5, -1.25, 1.25, 0.125, 1.375, -0.125, -0.25,
0.625, -1.375, 0.125, 1.125, -0.125, 0.625, 1.25, 0.25, 0.875,
0.375, -1.75, 0.625, -0.625, 1.5, 1, 0.25, -2, -1.5, 0, -1.375,
0.375, -0.875, -2.375, 0.375, -0.625, 1, -0.625, -1.375, 0, 0.625,
-0.75, 0.375, 0.625, 0.25, 0, -0.625, -0.75, -1, -0.5, -1.625,
-0.75, 1.125, 0.875, -0.75, -1.25, -0.75, -1.625, 0.5, 0.625,
-1.375, -0.375, 0.375, -1.125, 1.125, 0.5, -1, 1.125, -1.875,
-0.75, -0.125, -0.125, -1.25, -1.625, 0.25, -1.125, -1, 0.5,
0.625, -1.25, 2.5, -1.875, 0.875, 1.875, 0.375, 0.75, -0.375,
-0.25, 1.875, 1, -1.25, -0.25, -1.125, 1.625, 0, 1.25, -0.25,
0.25, 1, -0.625, 1.125, -0.375, -1.625, -0.625, -0.25, 0.875,
1, -1.25, 0.375, -0.375, -0.5, -1, -1, 0.25, 0.875, -1.25, 1,
-1, -1.625, 0.125, -2.125, -1.5, 1.5, -1.25, 0.875, -0.25, 0,
-1.25, -0.875, 0, 0.5, 0.125, -0.5, -0.75, -0.25, -1.25, -1.25)
data_jags <- list(Nstudies = 2, Np = 500, studyid = studyid, dropout = dropout, treat = treat, severity0 = severity0)
url <- "https://raw.githubusercontent.com/MikeJSeo/jags/master/code/IPD_NMA.txt"
data <- getURL(url)
model <- jags.model(textConnection(data), data = data_jags)
samples <- coda.samples(model, variable.names = c("AA1","d","g", "gg"), n.iter = 10000)
summary(samples)
library(RCurl)
library(rjags)
studyid =
c(1, 1, 1, 1, 1, 1, 1, 1, 1, 1, 1, 1, 1, 1, 1, 1, 1, 1, 1, 1,
1, 1, 1, 1, 1, 1, 1, 1, 1, 1, 1, 1, 1, 1, 1, 1, 1, 1, 1, 1, 1,
1, 1, 1, 1, 1, 1, 1, 1, 1, 1, 1, 1, 1, 1, 1, 1, 1, 1, 1, 1, 1,
1, 1, 1, 1, 1, 1, 1, 1, 1, 1, 1, 1, 1, 1, 1, 1, 1, 1, 1, 1, 1,
1, 1, 1, 1, 1, 1, 1, 1, 1, 1, 1, 1, 1, 1, 1, 1, 1, 1, 1, 1, 1,
1, 1, 1, 1, 1, 1, 1, 1, 1, 1, 1, 1, 1, 1, 1, 1, 1, 1, 1, 1, 1,
1, 1, 1, 1, 1, 1, 1, 1, 1, 1, 1, 1, 1, 1, 1, 1, 1, 1, 1, 1, 1,
1, 1, 1, 1, 1, 1, 1, 1, 1, 1, 1, 1, 1, 1, 1, 1, 1, 1, 1, 1, 1,
1, 1, 1, 1, 1, 1, 1, 1, 1, 1, 1, 1, 1, 1, 1, 1, 1, 1, 1, 1, 1,
1, 1, 1, 1, 1, 1, 1, 1, 1, 1, 1, 1, 1, 1, 1, 1, 2, 2, 2, 2, 2,
2, 2, 2, 2, 2, 2, 2, 2, 2, 2, 2, 2, 2, 2, 2, 2, 2, 2, 2, 2, 2,
2, 2, 2, 2, 2, 2, 2, 2, 2, 2, 2, 2, 2, 2, 2, 2, 2, 2, 2, 2, 2,
2, 2, 2, 2, 2, 2, 2, 2, 2, 2, 2, 2, 2, 2, 2, 2, 2, 2, 2, 2, 2,
2, 2, 2, 2, 2, 2, 2, 2, 2, 2, 2, 2, 2, 2, 2, 2, 2, 2, 2, 2, 2,
2, 2, 2, 2, 2, 2, 2, 2, 2, 2, 2, 2, 2, 2, 2, 2, 2, 2, 2, 2, 2,
2, 2, 2, 2, 2, 2, 2, 2, 2, 2, 2, 2, 2, 2, 2, 2, 2, 2, 2, 2, 2,
2, 2, 2, 2, 2, 2, 2, 2, 2, 2, 2, 2, 2, 2, 2, 2, 2, 2, 2, 2, 2,
2, 2, 2, 2, 2, 2, 2, 2, 2, 2, 2, 2, 2, 2, 2, 2, 2, 2, 2, 2, 2,
2, 2, 2, 2, 2, 2, 2, 2, 2, 2, 2, 2, 2, 2, 2, 2, 2, 2, 2, 2, 2,
2, 2, 2, 2, 2, 2, 2, 2, 2, 2, 2, 2, 2, 2, 2, 2, 2, 2, 2, 2, 2,
2, 2, 2, 2, 2, 2, 2, 2, 2, 2, 2, 2, 2, 2, 2, 2, 2, 2, 2, 2, 2,
2, 2, 2, 2, 2, 2, 2, 2, 2, 2, 2, 2, 2, 2, 2, 2, 2, 2, 2, 2, 2,
2, 2, 2, 2, 2, 2, 2, 2, 2, 2, 2, 2, 2, 2, 2, 2, 2, 2, 2, 2, 2,
2, 2, 2, 2, 2, 2, 2, 2, 2, 2, 2, 2, 2, 2, 2, 2, 2, 2)
dropout=c(1, 1, 0, 0, 0, 1, 0, 0, 1, 0, 1, 1, 1, 0, 0, 0, 1, 1, 0, 0,
0, 0, 0, 1, 0, 0, 0, 0, 0, 0, 1, 1, 1, 0, 1, 0, 0, 1, 1, 0, 1,
1, 1, 0, 0, 0, 0, 0, 1, 1, 1, 0, 0, 1, 0, 0, 0, 1, 0, 0, 0, 1,
0, 1, 0, 0, 0, 0, 1, 0, 0, 1, 0, 0, 0, 0, 1, 1, 0, 0, 0, 0, 0,
0, 1, 1, 0, 0, 0, 1, 1, 1, 0, 0, 0, 1, 0, 0, 0, 0, 0, 0, 0, 0,
0, 0, 1, 0, 0, 1, 0, 1, 0, 0, 0, 0, 1, 1, 0, 0, 0, 0, 0, 0, 1,
0, 1, 0, 1, 0, 0, 1, 0, 0, 0, 1, 0, 1, 0, 0, 0, 1, 0, 0, 0, 0,
0, 0, 0, 1, 0, 0, 0, 0, 0, 0, 0, 0, 1, 0, 1, 1, 1, 0, 0, 0, 0,
0, 0, 0, 0, 1, 0, 0, 0, 1, 0, 0, 0, 0, 0, 0, 0, 0, 0, 0, 1, 0,
0, 0, 0, 0, 1, 1, 0, 1, 0, 1, 1, 1, 0, 0, 1, 0, 1, 0, 0, 0, 1,
0, 1, 1, 0, 0, 1, 1, 0, 0, 1, 1, 0, 0, 0, 0, 0, 0, 0, 1, 0, 0,
1, 0, 0, 0, 0, 0, 0, 0, 0, 1, 1, 0, 0, 0, 1, 0, 0, 0, 0, 0, 0,
1, 0, 0, 0, 0, 0, 0, 0, 0, 0, 0, 1, 0, 0, 0, 0, 0, 0, 0, 0, 0,
0, 1, 0, 0, 0, 0, 0, 0, 0, 0, 0, 0, 0, 0, 0, 0, 1, 0, 1, 0, 1,
0, 1, 0, 0, 1, 0, 0, 0, 0, 0, 0, 0, 0, 0, 0, 0, 0, 0, 0, 0, 0,
0, 0, 0, 1, 0, 0, 0, 0, 0, 0, 0, 0, 1, 0, 0, 0, 0, 0, 0, 0, 0,
0, 0, 0, 0, 1, 0, 0, 0, 0, 0, 0, 0, 0, 0, 0, 0, 1, 0, 0, 0, 0,
0, 0, 0, 0, 0, 0, 0, 0, 0, 0, 0, 0, 0, 0, 0, 0, 0, 0, 0, 0, 0,
0, 0, 0, 0, 0, 0, 0, 0, 0, 0, 0, 0, 0, 0, 0, 0, 0, 0, 0, 0, 0,
0, 0, 0, 0, 0, 1, 1, 1, 1, 1, 0, 0, 0, 0, 0, 0, 1, 0, 0, 1, 0,
0, 1, 0, 0, 0, 0, 0, 0, 0, 0, 0, 0, 0, 0, 0, 0, 0, 0, 0, 1, 1,
1, 0, 0, 0, 0, 0, 0, 1, 0, 0, 0, 1, 0, 0, 1, 0, 0, 0, 1, 0, 1,
0, 0, 0, 0, 0, 0, 0, 0, 0, 0, 0, 0, 0, 0, 0, 0, 0, 0, 1, 0, 0,
0, 0, 1, 1, 0, 0, 0, 0, 0, 0, 1, 0, 0, 0, 1, 0, 0, 0)
treat=c(1, 1, 1, 1, 1, 1, 1, 1, 1, 1, 1, 1, 1, 1, 1, 1, 1, 1, 1, 1,
1, 1, 1, 1, 1, 1, 1, 1, 1, 1, 1, 1, 1, 1, 1, 1, 1, 1, 1, 1, 1,
1, 1, 1, 1, 1, 1, 1, 1, 1, 1, 1, 1, 1, 1, 1, 1, 1, 1, 1, 1, 1,
1, 1, 1, 1, 1, 1, 1, 1, 1, 1, 1, 1, 1, 1, 1, 1, 1, 1, 1, 1, 1,
1, 1, 1, 1, 1, 1, 1, 3, 3, 3, 3, 3, 3, 3, 3, 3, 3, 3, 3, 3, 3,
3, 3, 3, 3, 3, 3, 3, 3, 3, 3, 3, 3, 3, 3, 3, 3, 3, 3, 3, 3, 3,
3, 3, 3, 3, 3, 3, 3, 3, 3, 3, 3, 3, 3, 3, 3, 3, 3, 3, 3, 3, 3,
3, 3, 3, 3, 3, 3, 3, 3, 3, 3, 3, 3, 3, 3, 3, 3, 3, 3, 3, 3, 3,
3, 3, 3, 3, 3, 3, 3, 3, 3, 3, 3, 3, 3, 3, 3, 3, 3, 3, 3, 3, 3,
3, 3, 3, 3, 3, 3, 3, 3, 3, 3, 3, 3, 3, 3, 3, 3, 2, 2, 2, 2, 2,
2, 2, 2, 2, 2, 2, 2, 2, 2, 2, 2, 2, 2, 2, 2, 2, 2, 2, 2, 2, 2,
2, 2, 2, 2, 2, 2, 2, 2, 2, 2, 2, 2, 2, 2, 2, 2, 2, 2, 2, 2, 2,
2, 2, 2, 2, 2, 2, 2, 2, 2, 2, 2, 2, 2, 2, 2, 2, 2, 2, 2, 2, 2,
2, 2, 2, 2, 2, 2, 2, 2, 2, 2, 2, 2, 2, 2, 2, 2, 2, 2, 2, 2, 2,
2, 2, 2, 2, 2, 2, 2, 2, 2, 2, 2, 2, 2, 2, 2, 2, 2, 2, 2, 2, 2,
2, 2, 2, 2, 2, 2, 2, 2, 2, 2, 2, 2, 2, 2, 2, 2, 2, 2, 2, 2, 2,
2, 2, 2, 2, 2, 2, 2, 2, 2, 2, 2, 2, 2, 2, 2, 2, 2, 2, 2, 2, 2,
2, 2, 2, 2, 2, 2, 2, 2, 2, 2, 2, 2, 2, 2, 2, 2, 2, 2, 2, 2, 2,
2, 2, 2, 2, 2, 2, 2, 2, 2, 2, 2, 2, 2, 2, 2, 2, 2, 2, 2, 2, 2,
2, 2, 2, 2, 2, 2, 3, 3, 3, 3, 3, 3, 3, 3, 3, 3, 3, 3, 3, 3, 3,
3, 3, 3, 3, 3, 3, 3, 3, 3, 3, 3, 3, 3, 3, 3, 3, 3, 3, 3, 3, 3,
3, 3, 3, 3, 3, 3, 3, 3, 3, 3, 3, 3, 3, 3, 3, 3, 3, 3, 3, 3, 3,
3, 3, 3, 3, 3, 3, 3, 3, 3, 3, 3, 3, 3, 3, 3, 3, 3, 3, 3, 3, 3,
3, 3, 3, 3, 3, 3, 3, 3, 3, 3, 3, 3, 3, 3, 3, 3, 3, 3)
severity0=c(1.125, 1.625, 2.25, 0, 0.375, 1.375, 1.625, 2.375, 0.25, 0.75,
1.25, 1.375, 1.625, 1.875, 0, 0.25, 0.625, 0.375, 0.5, 0.75,
2.5, 0.125, 0.625, 1.375, 1.75, 0.625, 0.75, 1.125, 2.375, 2.5,
0, 0, 0, 0.25, 0.5, 0.625, 1, 1, 0.125, 0.5, 0.5, 0.75, 0.875,
0.875, 1.125, 1.25, 1.25, 0, 0, 0.375, 0.5, 0.5, 0.625, 0.75,
1, 0.375, 0.5, 0.875, 0.875, 0.5, 1.125, 1.125, 1.375, 1.5, -0.125,
0.125, 0.875, 1.375, 1.625, 0.25, 0.375, 0.625, 0.625, 1.375,
1.5, 1.625, 2.125, 0.5, 0.75, 0.875, 1.25, 1.375, 0.125, 0.375,
0.5, 1.125, 1.25, 1.375, 1.375, 0, 0.5, 0.75, 1.125, 1.125, 1.75,
2, 2.125, 0.125, 0.375, 0.75, 0.75, 0.875, 1, 1, 1.25, 1.625,
0, 0.25, 0.375, 0.75, 1, 1.5, 1.5, 0.125, 0.25, 0.375, 0.5, 0.5,
0.625, 1.25, 1.5, 0, 0.125, 0.125, 0.25, 0.75, 0.875, 1.25, 1.5,
0, 0.125, 0.75, 0.75, 1, 1.5, 1.75, 2.25, 0, 0.125, 0.25, 0.25,
0.375, 0.75, 1, 1.25, 1.625, 0.875, 1.125, 1.5, 0, 0, 0.375,
0.875, 1, 1.625, 0.125, 0.625, 1.125, 1.25, 1.375, 1.5, 1.5,
1.625, 0.25, 0.875, 1, 1.375, 1.375, 0, 0.5, 0.5, 0, 0, 0.25,
0.375, 0.375, 0.375, 0.75, 0.875, 1.5, 1.625, 0.25, 0, 0.375,
0.375, 1.25, 1.5, 1.375, 2.875, 0.625, 1, 1.125, 0.125, 0.875,
1.375, 0.375, 1, 0.25, 0.5, 0.875, 1.375, 1.125, 1.875, 0.125,
0, -0.375, -0.875, -0.125, 0, 0, 1.875, -1.375, 0.75, -1.625,
0.5, 1, -1.375, -1.5, -0.375, -0.5, 2, -1.75, -0.5, -0.625, 0.75,
0.625, -0.625, 0.5, -1.5, 0.625, -1.25, -1.25, -0.625, 1, -1.875,
-1.375, -0.625, 0.625, -0.125, 0.125, -0.75, -0.375, 0.375, 0.875,
2, 0.125, 1.25, -1.375, 0.125, -1.25, -0.375, 1.375, 1, 1.25,
0.75, -1.25, -0.5, 1.25, 0.875, 0.125, 0.25, -1.875, 1.375, 0,
-0.875, 0, -0.75, 0.625, 1.5, -1.25, -1, -0.375, 0.875, 0, 0,
-0.375, 0.5, 0.375, 0.375, -1.375, -0.875, 0.75, 0.875, -1.75,
0.5, 0.25, -0.5, -0.125, 0.875, -0.25, 2, -1.25, 0.125, 0.125,
0.625, -1.5, 0.5, 2.375, 1.625, -0.75, -1.375, -1, 0.125, 0.375,
0, -1.75, 2.125, -0.875, 0.5, -2, 0.75, 1, 0.25, 0.375, 1.5,
-0.125, 0.875, 2.25, -0.375, 0.125, 0.5, 0.625, -1.25, 0.625,
-1.125, -0.125, 0.125, 0.875, -1.375, 1.625, -1.875, 0.875, -1,
0, 0, 0.25, 0, 0.25, -1.875, 0.5, -1.5, -1, -0.625, 0.625, 0.125,
-0.5, -1.25, 0.25, 2, 1.75, -0.375, 0, -1.375, 1.125, -1.75,
0.75, 1.75, 0.75, -1.25, 0.625, -1.5, 0.75, 0.625, 0.75, -2.25,
0.625, -0.125, -1.5, -1.25, 1.25, 0.125, 1.375, -0.125, -0.25,
0.625, -1.375, 0.125, 1.125, -0.125, 0.625, 1.25, 0.25, 0.875,
0.375, -1.75, 0.625, -0.625, 1.5, 1, 0.25, -2, -1.5, 0, -1.375,
0.375, -0.875, -2.375, 0.375, -0.625, 1, -0.625, -1.375, 0, 0.625,
-0.75, 0.375, 0.625, 0.25, 0, -0.625, -0.75, -1, -0.5, -1.625,
-0.75, 1.125, 0.875, -0.75, -1.25, -0.75, -1.625, 0.5, 0.625,
-1.375, -0.375, 0.375, -1.125, 1.125, 0.5, -1, 1.125, -1.875,
-0.75, -0.125, -0.125, -1.25, -1.625, 0.25, -1.125, -1, 0.5,
0.625, -1.25, 2.5, -1.875, 0.875, 1.875, 0.375, 0.75, -0.375,
-0.25, 1.875, 1, -1.25, -0.25, -1.125, 1.625, 0, 1.25, -0.25,
0.25, 1, -0.625, 1.125, -0.375, -1.625, -0.625, -0.25, 0.875,
1, -1.25, 0.375, -0.375, -0.5, -1, -1, 0.25, 0.875, -1.25, 1,
-1, -1.625, 0.125, -2.125, -1.5, 1.5, -1.25, 0.875, -0.25, 0,
-1.25, -0.875, 0, 0.5, 0.125, -0.5, -0.75, -0.25, -1.25, -1.25)
data_jags <- list(Nstudies = 2, Np = 500, studyid = studyid, dropout = dropout, treat = treat, severity0 = severity0)
url <- "https://raw.githubusercontent.com/MikeJSeo/jags/master/code/IPD_NMA.txt"
data <- getURL(url)
model <- jags.model(textConnection(data), data = data_jags)
samples <- coda.samples(model, variable.names = c("AA1","d","g", "gg"), n.iter = 10000)
summary(samples)
setwd("~/GitHub/network-meta")
devtools::document()
# install.packages("devtools")
devtools::install_github("MikeJSeo/network-meta")
library(mcnet)
network <- withthrombolytic, {
network.data(Outcomes, Study, Treat, N=N, response = "binomial")
})
draw.network.graph(network)
network <- with(thrombolytic, {
network.data(Outcomes, Study, Treat, N=N, response = "binomial")
})
draw.network.graph(network)
network$Treat
